363
106
303
436
497
509
434
301
104
360
142
417
114
257
327
329
259
117
417
146
399
162
385
29
106
112
30
384
168
395
47
356
87
262
350
351
256
86
359
63
467
264
500
149
230
236
161
509
260
472
291
58
278
431
506
506
436
277
57
298
305
91
469
165
283
278
162
451
85
305
431
211
442
98
173
170
93
442
209
424
1
299
33
206
283
285
207
32
297
0
18
317
51
226
316
321
228
52
319
14
107
365
44
180
247
247
187
50
354
106
407
161
369
9
77
78
7
363
157
404
135
422
131
288
370
366
285
132
422
144
313
97
354
7
95
85
3
343
94
328
217
6
240
414
500
495
409
244
9
216
38
313
20
179
257
251
171
21
314
30
39
368
169
446
4
42
442
195
393
46
173
465
192
349
426
428
354
182
463
173
257
41
290
457
39
32
460
289
44
253
273
65
306
477
58
57
482
306
62
271
