86
353
50
192
255
266
184
37
341
69
324
107
333
487
56
52
477
320
93
315
347
138
401
74
467
470
5
366
129
336
439
231
466
127
210
204
120
462
223
437
509
306
38
205
293
296
205
30
296
506
88
354
49
199
272
267
196
44
343
82
343
115
332
488
51
51
480
326
101
336
24
309
30
201
288
282
192
24
306
7
458
251
495
154
236
234
159
484
246
449
5
303
33
210
295
299
203
29
296
505
330
91
292
442
6
9
453
311
90
339
67
350
60
235
313
319
241
67
356
75
74
387
119
293
220
209
313
156
396
94
180
480
213
377
462
463
380
213
488
195
248
39
278
461
42
37
462
290
51
255
336
84
299
453
17
18
451
306
97
339
75
353
66
223
305
307
233
77
369
85
273
48
288
450
24
34
459
290
57
274
198
499
238
411
496
489
408
242
506
203
251
41
283
454
37
37
465
291
47
258
